Material
葉子       綠色葉片       0  5 0  5  50
木枝       普通木頭       0 10 0 10 100
黏液       滑滑的黏液     1  5 0 10 100
殘骸       破碎的殘骸     1  5 0 10 100
獸皮       厚重獸皮       2  3 0 20 200
獸骨       堅硬獸骨       2  3 0 20 200
龍鱗       堅硬龍鱗       4  1 1 100 500
龍爪       強韌龍爪       4  1 1 100 500
骨頭       骸骨碎片       1  5 0 10 100
腐肉       腐爛肉塊       1  5 0 10 100
徽章       戰士徽章       2  2 0 30 300
鋼劍碎片   鋼劍殘片       2  2 0 30 300
鳥羽       輕盈羽毛       1  5 0 15 150
鳥爪       銳利鳥爪       1  5 0 15 150
精靈之息   元素殘存       2  2 0 30 300
魔核       元素核心       2  2 0 30 200
暗夜匕首   暗影族專武     4  1 1 100 500
劇毒小瓶   特級危險物品   4  1 1 100 500
石鬼遺骸   高級建築材料   1  5 0 10 100
石眼       真視藥水必需   1  5 0 10 100
巨靈圖騰   巨靈戰士之徽   2  2 0 30 300
鐵牙       巨型加工物     2  2 0 30 300
核心       文明結晶       1  5 0 10 100
超級燃料   魔像的驅動力   1  5 0 10 100


Equipment
銅劍 鈍重的銅製長劍 0 10 5 2 0 1 20 10 5 木枝 普通木頭 0 2
青銅斧 堅硬青銅斧 0 12 6 3 0 1 22 11 5 木枝 普通木頭 0 3
鐵劍 鋒利鐵劍 1 15 8 3 0 2 30 15 10 鋼劍碎片 鋼劍殘片 2 2
鐵斧 沉重鐵斧 1 16 9 4 0 2 32 16 10 鋼劍碎片 鋼劍殘片 2 3
獸皮護甲 厚重獸皮製成 0 20 0 5 0 1 25 12 8 獸皮 厚重獸皮 2 2
獸骨護盾 堅硬獸骨打造 0 10 0 7 0 1 24 12 8 獸骨 堅硬獸骨 2 2
精鐵劍 強化鐵劍 1 20 10 4 0 2 35 17 12 鋼劍碎片 鋼劍殘片 2 3
精鐵斧 強化鐵斧 1 22 11 5 0 2 37 18 12 鋼劍碎片 鋼劍殘片 2 3
鋼製護甲 堅固鋼甲 1 30 0 10 0 2 40 20 15 獸皮 厚重獸皮 2 3
鋼製盾牌 厚重鋼盾 1 15 0 12 0 2 38 19 14 獸骨 堅硬獸骨 2 3
龍鱗胸甲 由龍鱗打造 2 50 0 20 0 4 100 50 30 龍鱗 堅硬龍鱗 4 2
龍鱗盾 由龍鱗鑄成 2 25 0 22 0 4 95 48 30 龍鱗 堅硬龍鱗 4 2
龍爪劍 由龍爪鍛造 2 40 25 8 0 4 110 55 35 龍爪 強韌龍爪 4 2
硬木法杖 堅硬木頭雕製 0 5 2 1 5 1 20 10 8 木枝 普通木頭 0 2
靈木法杖 魔力流轉的木頭 1 8 3 1 10 2 30 15 10 木枝 普通木頭 0 3
符文法杖 刻有符文 1 10 4 2 15 2 35 17 12 木枝 普通木頭 0 3
骨法杖 骸骨雕成 1 8 3 2 10 2 32 16 11 骨頭 骸骨碎片 1 2
腐肉鎧甲 由腐肉縫製 1 18 0 6 0 2 28 14 10 腐肉 腐爛肉塊 1 2
鳥羽披風 輕盈鳥羽編織 1 5 0 3 5 2 25 13 9 鳥羽 輕盈羽毛 1 2
鳥爪利刃 利用鳥爪鍛造 1 12 7 2 0 2 27 14 10 鳥爪 銳利鳥爪 1 2
戰士頭盔 鋼製防護頭盔 1 12 0 4 0 2 28 14 10 鋼劍碎片 鋼劍殘片 2 2
戰士胸甲 鋼製防護胸甲 1 25 0 8 0 2 35 18 14 鋼劍碎片 鋼劍殘片 2 3
戰士護腿 鋼製防護護腿 1 20 0 6 0 2 30 15 12 鋼劍碎片 鋼劍殘片 2 2
戰士護臂 鋼製防護護臂 1 10 0 4 0 2 25 12 9 鋼劍碎片 鋼劍殘片 2 2
龍鱗長靴 由龍鱗打造 2 15 0 8 0 4 90 45 28 龍鱗 堅硬龍鱗 4 2
龍鱗護手 由龍鱗打造 2 10 0 6 0 4 85 42 26 龍鱗 堅硬龍鱗 4 2
龍鱗腰帶 由龍鱗打造 2 12 0 5 0 4 88 44 27 龍鱗 堅硬龍鱗 4 2
龍鱗頭盔 由龍鱗打造 2 18 0 8 0 4 92 46 29 龍鱗 堅硬龍鱗 4 2
龍鱗披風 由龍鱗打造 2 20 0 10 0 4 95 48 30 龍鱗 堅硬龍鱗 4 2
龍鱗護甲 由龍鱗打造 2 45 0 18 0 4 110 55 35 龍鱗 堅硬龍鱗 4 3
暗影短匕   夜行刺客專用    0 12 0 0 4 0 5 0  暗夜匕首   暗影族專武   4 1  劇毒小瓶   特級危險物品   4 1
暴風法杖   元素風暴法杖    0 5  0 5 3 0 3 50  精靈之息   元素殘存     2 2  魔核       元素核心       2 1
魔像戰錘   遠古魔像之錘    1 15 0 0 4 1 0 0   核心       文明結晶     1 1  超級燃料   魔像的驅動力   1 2
巨人重斧   古代巨人之斧    0 20 0 0 3 0 10 0  巨靈圖騰   巨靈戰士之徽 2 1  鐵牙       巨型加工物     2 2
草原盾牌   草原補給盾      5 0 10 0 1 0 2 50  葉子       綠色葉片     0 3  木枝       普通木頭       0 2
骨甲護腕   死亡之握        0 0 5  0 1 0 1 50  骨頭       骸骨碎片     1 3  殘骸       破碎的殘骸     1 2

MysteryItem
治癒藥水 回復生命 每回合回復生命 10 0 0 0 2 1 50 20 0 3
強效治癒藥水 大幅回復生命 持續大量回血 20 0 0 0 3 2 100 40 0 3
魔力藥水 回復魔力 每回合回魔 0 0 0 10 2 1 50 20 0 3
強效魔力藥水 大幅回復魔力 持續回魔 0 0 0 20 3 2 100 40 0 3
攻擊藥水 增強攻擊 每回合攻擊提升 0 10 0 0 2 1 50 20 0 3
防禦藥水 增強防禦 每回合防禦提升 0 0 10 0 2 1 50 20 0 3
迅捷藥水 提升閃避 每回合提升閃避 0 0 0 0 2 1 50 20 0 3
弱化藥水 削弱敵人攻擊 0 -10 0 0 2 1 50 20 0 3
遲緩藥水 降低敵人防禦 0 0 -10 0 2 1 50 20 0 3
詛咒藥水 每回合扣血 每回合持續傷害 -10 0 0 0 3 1 50 20 0 3

